neg,neu,pos,compound,sentiment
0.019,0.83,0.151,0.9287,Positive
0.0,0.665,0.335,0.987,Positive
0.041,0.885,0.074,0.2732,Positive
0.0,0.695,0.305,0.995,Positive
0.0,1.0,0.0,0.0,Neutral
0.0,1.0,0.0,0.0,Neutral
0.071,0.794,0.136,0.5719,Positive
0.0,0.847,0.153,0.7003,Positive
0.0,0.94,0.06,0.9106,Positive
0.0,0.879,0.121,0.7096,Positive
0.0,0.896,0.104,0.5267,Positive
0.0,0.769,0.231,0.2023,Positive
0.027,0.828,0.145,0.9747,Positive
0.0,0.753,0.247,0.9955,Positive
0.0,1.0,0.0,0.0,Neutral
0.039,0.733,0.229,0.9975,Positive
0.0,0.912,0.088,0.4404,Positive
0.0,0.593,0.407,0.9859,Positive
0.02,0.9,0.08,0.8219,Positive
0.0,0.828,0.172,0.3612,Positive
0.0,0.704,0.296,0.7096,Positive
0.03,0.783,0.187,0.9867,Positive
0.0,1.0,0.0,0.0,Neutral
0.054,0.792,0.154,0.9493,Positive
0.0,0.836,0.164,0.6908,Positive
0.048,0.794,0.158,0.9374,Positive
0.0,0.834,0.166,0.9442,Positive
0.0,0.878,0.122,0.9706,Positive
0.03,0.935,0.035,0.1027,Positive
0.0,0.824,0.176,0.9571,Positive
0.0,0.836,0.164,0.7574,Positive
0.0,0.837,0.163,0.4767,Positive
0.008,0.862,0.13,0.9814,Positive
0.0,0.829,0.171,0.9893,Positive
0.045,0.909,0.045,0.0,Neutral
0.0,0.698,0.302,0.7964,Positive
0.012,0.697,0.291,0.9847,Positive
0.0,0.895,0.105,0.6486,Positive
0.0,1.0,0.0,0.0,Neutral
0.0,0.736,0.264,0.9287,Positive
0.013,0.956,0.031,0.2732,Positive
0.0,0.693,0.307,0.9451,Positive
0.0,0.921,0.079,0.8286,Positive
0.026,0.943,0.03,0.0772,Positive
0.0,0.591,0.409,0.9812,Positive
0.021,0.852,0.127,0.9423,Positive
0.0,0.589,0.411,0.9573,Positive
0.024,0.933,0.044,0.25,Positive
0.0,1.0,0.0,0.0,Neutral
0.058,0.746,0.196,0.9646,Positive
0.0,0.64,0.36,0.9517,Positive
0.069,0.906,0.025,-0.4939,Negative
0.0,0.795,0.205,0.9403,Positive
0.0,0.919,0.081,0.4767,Positive
0.0,1.0,0.0,0.0,Neutral
0.063,0.795,0.142,0.6486,Positive
0.0,0.867,0.133,0.8481,Positive
0.0,1.0,0.0,0.0,Neutral
0.0,0.815,0.185,0.9231,Positive
0.0,1.0,0.0,0.0,Neutral
0.0,0.827,0.173,0.7906,Positive
0.021,0.872,0.108,0.886,Positive
0.0,0.621,0.379,0.7717,Positive
0.061,0.828,0.111,0.296,Positive
0.0,0.723,0.277,0.9892,Positive
0.0,0.866,0.134,0.9493,Positive
0.007,0.769,0.224,0.9978,Positive
0.0,0.881,0.119,0.9042,Positive
0.0,0.897,0.103,0.4767,Positive
0.008,0.826,0.166,0.9887,Positive
0.0,0.927,0.073,0.5859,Positive
0.0,0.85,0.15,0.969,Positive
0.0,0.773,0.227,0.9598,Positive
0.0,0.616,0.384,0.9914,Positive
0.039,0.899,0.062,0.3915,Positive
0.0,0.93,0.07,0.4767,Positive
0.036,0.793,0.171,0.936,Positive
0.0,1.0,0.0,0.0,Neutral
0.0,0.894,0.106,0.5267,Positive
0.0,0.939,0.061,0.8612,Positive
0.017,0.785,0.198,0.9778,Positive
0.0,1.0,0.0,0.0,Neutral
0.018,0.748,0.234,0.9942,Positive
0.014,0.943,0.043,0.4767,Positive
0.0,1.0,0.0,0.0,Neutral
0.0,1.0,0.0,0.0,Neutral
0.118,0.507,0.375,0.6166,Positive
0.0,0.801,0.199,0.9545,Positive
0.0,0.782,0.218,0.836,Positive
0.0,1.0,0.0,0.0,Neutral
0.0,0.826,0.174,0.9806,Positive
0.0,1.0,0.0,0.0,Neutral
0.0,0.623,0.377,0.981,Positive
0.0,1.0,0.0,0.0,Neutral
0.0,0.73,0.27,0.9965,Positive
0.0,0.611,0.389,0.959,Positive
0.02,0.782,0.198,0.9628,Positive
0.048,0.705,0.247,0.8885,Positive
0.0,0.879,0.121,0.7096,Positive
0.0,0.928,0.072,0.3612,Positive
0.051,0.849,0.1,0.9667,Positive
0.031,0.844,0.125,0.993,Positive
0.042,0.805,0.153,0.9177,Positive
0.045,0.682,0.273,0.9186,Positive
0.028,0.871,0.101,0.8663,Positive
0.027,0.808,0.165,0.9648,Positive
0.365,0.635,0.0,-0.3182,Negative
0.0,0.811,0.189,0.936,Positive
0.0,0.971,0.029,0.0772,Positive
0.044,0.84,0.116,0.5859,Positive
0.0,0.805,0.195,0.9747,Positive
0.0,0.899,0.101,0.2023,Positive
0.072,0.819,0.109,0.2732,Positive
0.0,0.719,0.281,0.802,Positive
0.0,0.929,0.071,0.4404,Positive
0.012,0.816,0.173,0.979,Positive
0.0,1.0,0.0,0.0,Neutral
0.014,0.807,0.179,0.9867,Positive
0.021,0.828,0.151,0.9761,Positive
0.0,1.0,0.0,0.0,Neutral
0.0,1.0,0.0,0.0,Neutral
0.0,0.886,0.114,0.9141,Positive
0.0,0.787,0.213,0.4019,Positive
0.0,0.961,0.039,0.4767,Positive
0.0,0.726,0.274,0.7783,Positive
0.0,0.82,0.18,0.994,Positive
0.009,0.896,0.095,0.9144,Positive
0.077,0.695,0.228,0.979,Positive
0.0,0.927,0.073,0.7269,Positive
0.019,0.796,0.184,0.9835,Positive
0.0,1.0,0.0,0.0,Neutral
0.0,1.0,0.0,0.0,Neutral
0.0,1.0,0.0,0.0,Neutral
0.0,1.0,0.0,0.0,Neutral
0.0,0.852,0.148,0.9201,Positive
0.051,0.76,0.188,0.9022,Positive
0.049,0.899,0.052,0.0516,Positive
0.034,0.939,0.028,0.1477,Positive
0.0,0.874,0.126,0.8658,Positive
0.04,0.906,0.054,0.2617,Positive
0.0,0.845,0.155,0.8807,Positive
0.019,0.796,0.184,0.9835,Positive
0.0,0.818,0.182,0.875,Positive
0.0,0.802,0.198,0.9698,Positive
0.0,0.829,0.171,0.8807,Positive
0.0,0.781,0.219,0.9565,Positive
0.0,0.755,0.245,0.9653,Positive
0.0,1.0,0.0,0.0,Neutral
0.0,0.925,0.075,0.6597,Positive
0.0,0.9,0.1,0.9729,Positive
0.0,0.773,0.227,0.9124,Positive
0.0,1.0,0.0,0.0,Neutral
0.006,0.861,0.133,0.981,Positive
0.062,0.816,0.122,0.9339,Positive
0.0,0.738,0.262,0.9315,Positive
0.0,1.0,0.0,0.0,Neutral
0.0,0.746,0.254,0.9811,Positive
0.0,0.892,0.108,0.6597,Positive
0.012,0.852,0.135,0.989,Positive
0.0,0.938,0.062,0.6369,Positive
0.0,0.74,0.26,0.9863,Positive
0.044,0.71,0.246,0.995,Positive
0.0,0.834,0.166,0.9758,Positive
0.027,0.838,0.135,0.6705,Positive
0.014,0.811,0.174,0.9393,Positive
0.0,1.0,0.0,0.0,Neutral
0.0,0.952,0.048,0.7133,Positive
0.0,0.777,0.223,0.5574,Positive
0.013,0.736,0.251,0.9963,Positive
0.0,1.0,0.0,0.0,Neutral
0.052,0.599,0.349,0.9601,Positive
0.0,0.765,0.235,0.8225,Positive
0.0,0.902,0.098,0.0516,Positive
0.0,1.0,0.0,0.0,Neutral
0.022,0.843,0.135,0.9814,Positive
0.0,0.811,0.189,0.9866,Positive
0.0,0.829,0.171,0.9821,Positive
0.03,0.927,0.043,0.4466,Positive
0.0,0.949,0.051,0.5267,Positive
0.032,0.895,0.072,0.8902,Positive
0.0,0.916,0.084,0.8271,Positive
0.055,0.747,0.199,0.9686,Positive
0.0,0.906,0.094,0.6369,Positive
0.0,1.0,0.0,0.0,Neutral
0.019,0.825,0.156,0.9413,Positive
0.064,0.751,0.185,0.6369,Positive
0.0,0.967,0.033,0.6597,Positive
0.0,1.0,0.0,0.0,Neutral
0.035,0.793,0.171,0.9875,Positive
0.037,0.763,0.2,0.993,Positive
0.0,0.814,0.186,0.795,Positive
0.0,0.824,0.176,0.4939,Positive
0.0,0.923,0.077,0.4404,Positive
0.027,0.818,0.155,0.9863,Positive
0.0,0.517,0.483,0.9756,Positive
0.0,0.776,0.224,0.8605,Positive
0.412,0.588,0.0,-0.5423,Negative
0.0,0.897,0.103,0.8807,Positive
0.0,1.0,0.0,0.0,Neutral
0.01,0.84,0.151,0.9833,Positive
0.0,0.898,0.102,0.34,Positive
0.0,0.708,0.292,0.5106,Positive
0.0,0.952,0.048,0.8934,Positive
0.0,0.975,0.025,0.4588,Positive
0.0,0.767,0.233,0.9079,Positive
0.017,0.739,0.243,0.9789,Positive
0.0,0.863,0.137,0.9451,Positive
0.0,1.0,0.0,0.0,Neutral
0.04,0.773,0.188,0.9524,Positive
0.028,0.855,0.117,0.7579,Positive
0.0,0.737,0.263,0.3612,Positive
0.057,0.88,0.062,0.1531,Positive
0.008,0.795,0.197,0.9891,Positive
0.068,0.815,0.117,0.4506,Positive
0.0,0.714,0.286,0.9277,Positive
0.0,0.941,0.059,0.4215,Positive
0.0,0.683,0.317,0.969,Positive
0.0,0.756,0.244,0.9379,Positive
0.036,0.801,0.164,0.9998,Positive
0.0,0.902,0.098,0.8074,Positive
0.0,0.714,0.286,0.296,Positive
0.0,0.906,0.094,0.3612,Positive
0.089,0.911,0.0,-0.6369,Negative
0.0,0.802,0.198,0.9804,Positive
0.015,0.745,0.239,0.99,Positive
0.0,1.0,0.0,0.0,Neutral
0.0,0.922,0.078,0.8591,Positive
0.051,0.949,0.0,-0.2023,Negative
0.0,0.68,0.32,0.9875,Positive
0.024,0.815,0.161,0.9895,Positive
0.009,0.954,0.036,0.6705,Positive
0.0,1.0,0.0,0.0,Neutral
0.0,0.871,0.129,0.5707,Positive
0.0,0.738,0.262,0.9217,Positive
0.016,0.831,0.153,0.9926,Positive
0.044,0.805,0.151,0.7845,Positive
0.216,0.625,0.159,-0.0516,Negative
0.019,0.812,0.169,0.9423,Positive
0.054,0.88,0.066,0.3612,Positive
0.011,0.847,0.142,0.9719,Positive
0.0,0.793,0.207,0.9468,Positive
0.0,0.914,0.086,0.6124,Positive
0.0,0.734,0.266,0.9616,Positive
0.021,0.796,0.182,0.9863,Positive
0.015,0.899,0.086,0.9738,Positive
0.0,0.727,0.273,0.9669,Positive
0.0,0.84,0.16,0.8126,Positive
0.045,0.696,0.259,0.9217,Positive
0.0,0.835,0.165,0.836,Positive
0.0,1.0,0.0,0.0,Neutral
0.0,0.904,0.096,0.8858,Positive
0.0,1.0,0.0,0.0,Neutral
0.0,1.0,0.0,0.0,Neutral
0.0,1.0,0.0,0.0,Neutral
0.0,0.755,0.245,0.9949,Positive
0.108,0.775,0.117,0.0516,Positive
0.0,0.625,0.375,0.8555,Positive
0.0,0.765,0.235,0.9681,Positive
0.0,0.958,0.042,0.4754,Positive
0.077,0.798,0.125,0.2263,Positive
0.012,0.825,0.163,0.9917,Positive
0.084,0.668,0.249,0.9969,Positive
0.0,0.793,0.207,0.7778,Positive
0.029,0.876,0.096,0.9352,Positive
0.0,0.803,0.197,0.8519,Positive
0.05,0.794,0.156,0.5719,Positive
0.0,1.0,0.0,0.0,Neutral
0.038,0.777,0.186,0.8807,Positive
0.0,1.0,0.0,0.0,Neutral
0.0,0.915,0.085,0.8442,Positive
0.0,1.0,0.0,0.0,Neutral
0.0,0.785,0.215,0.8807,Positive
0.043,0.835,0.122,0.9895,Positive
0.0,0.848,0.152,0.9833,Positive
0.0,1.0,0.0,0.0,Neutral
0.0,0.751,0.249,0.9578,Positive
0.009,0.917,0.074,0.9304,Positive
0.04,0.81,0.15,0.9588,Positive
0.018,0.758,0.224,0.9943,Positive
0.0,0.972,0.028,0.4404,Positive
0.0,0.892,0.108,0.5563,Positive
0.054,0.814,0.131,0.8995,Positive
0.0,1.0,0.0,0.0,Neutral
0.0,0.876,0.124,0.34,Positive
0.012,0.855,0.133,0.9853,Positive
0.032,0.804,0.164,0.9695,Positive
0.059,0.891,0.05,-0.128,Negative
0.0,0.73,0.27,0.743,Positive
0.0,0.829,0.171,0.9747,Positive
0.092,0.761,0.148,0.4905,Positive
0.056,0.838,0.105,0.8473,Positive
0.0,0.694,0.306,0.5473,Positive
0.0,1.0,0.0,0.0,Neutral
0.0,0.695,0.305,0.995,Positive
0.0,0.951,0.049,0.2732,Positive
0.011,0.872,0.117,0.9153,Positive
0.0,0.717,0.283,0.9889,Positive
0.027,0.795,0.178,0.9081,Positive
0.017,0.808,0.175,0.9629,Positive
0.019,0.921,0.06,0.6997,Positive
0.0,0.732,0.268,0.5106,Positive
0.0,0.934,0.066,0.296,Positive
0.036,0.833,0.131,0.7512,Positive
0.0,0.668,0.332,0.9657,Positive
0.0,0.911,0.089,0.8473,Positive
0.038,0.684,0.278,0.8807,Positive
0.0,0.905,0.095,0.6369,Positive
0.031,0.926,0.044,0.6749,Positive
0.0,0.967,0.033,0.4927,Positive
0.0,0.772,0.228,0.9678,Positive
0.0,1.0,0.0,0.0,Neutral
0.0,0.844,0.156,0.9136,Positive
0.0,1.0,0.0,0.0,Neutral
0.0,0.913,0.087,0.8442,Positive
0.0,0.932,0.068,0.7184,Positive
0.179,0.605,0.216,0.3164,Positive
0.0,0.856,0.144,0.783,Positive
0.0,0.782,0.218,0.9815,Positive
0.0,0.843,0.157,0.9769,Positive
0.048,0.807,0.144,0.8825,Positive
0.057,0.801,0.143,0.7682,Positive
0.0,0.831,0.169,0.9274,Positive
0.0,1.0,0.0,0.0,Neutral
0.017,0.8,0.183,0.9652,Positive
0.104,0.682,0.214,0.996,Positive
0.0,0.821,0.179,0.9274,Positive
0.0,0.849,0.151,0.1531,Positive
0.0,0.812,0.188,0.9062,Positive
0.102,0.867,0.031,-0.6955,Negative
0.0,1.0,0.0,0.0,Neutral
0.0,1.0,0.0,0.0,Neutral
0.0,0.818,0.182,0.9527,Positive
0.0,0.954,0.046,0.2023,Positive
0.0,1.0,0.0,0.0,Neutral
0.031,0.888,0.082,0.5423,Positive
0.0,0.913,0.087,0.743,Positive
0.035,0.886,0.079,0.6808,Positive
0.016,0.867,0.118,0.9847,Positive
0.0,1.0,0.0,0.0,Neutral
0.0,0.824,0.176,0.9595,Positive
0.0,0.66,0.34,0.5574,Positive
0.06,0.764,0.176,0.9231,Positive
0.022,0.772,0.206,0.9618,Positive
0.029,0.942,0.03,0.0258,Neutral
0.0,0.825,0.175,0.9909,Positive
0.016,0.91,0.074,0.836,Positive
0.031,0.758,0.211,0.886,Positive
0.0,1.0,0.0,0.0,Neutral
0.0,0.688,0.312,0.8056,Positive
0.014,0.782,0.204,0.9947,Positive
0.053,0.774,0.173,0.9914,Positive
0.0,0.895,0.105,0.8658,Positive
0.0,0.865,0.135,0.8316,Positive
0.019,0.818,0.163,0.9884,Positive
0.0,1.0,0.0,0.0,Neutral
0.078,0.838,0.084,-0.1531,Negative
0.0,0.804,0.196,0.6808,Positive
0.0,0.779,0.221,0.9485,Positive
0.011,0.861,0.128,0.9678,Positive
0.01,0.848,0.141,0.9933,Positive
0.038,0.795,0.167,0.796,Positive
0.014,0.904,0.082,0.9424,Positive
0.016,0.907,0.077,0.7783,Positive
0.0,0.864,0.136,0.7906,Positive
0.0,0.881,0.119,0.8442,Positive
0.0,1.0,0.0,0.0,Neutral
0.0,0.931,0.069,0.4215,Positive
0.0,0.604,0.396,0.8468,Positive
0.085,0.846,0.069,-0.0018,Neutral
0.0,0.926,0.074,0.25,Positive
0.0,0.775,0.225,0.9371,Positive
0.033,0.894,0.073,0.8902,Positive
0.206,0.794,0.0,-0.3818,Negative
0.026,0.778,0.196,0.9939,Positive
0.0,0.658,0.342,0.9914,Positive
0.0,0.836,0.164,0.8402,Positive
0.047,0.903,0.05,0.296,Positive
0.037,0.691,0.272,0.9313,Positive
0.013,0.987,0.0,-0.0516,Negative
0.0,0.895,0.105,0.9067,Positive
0.0,0.844,0.156,0.8225,Positive
0.042,0.873,0.085,0.94,Positive
0.0,1.0,0.0,0.0,Neutral
0.0,1.0,0.0,0.0,Neutral
0.015,0.817,0.167,0.9958,Positive
0.127,0.75,0.123,-0.9828,Negative
0.0,0.926,0.074,0.6249,Positive
0.0,0.811,0.189,0.9866,Positive
0.0,0.794,0.206,0.9955,Positive
0.0,0.87,0.13,0.9403,Positive
0.0,0.89,0.11,0.9231,Positive
0.0,1.0,0.0,0.0,Neutral
0.0,0.828,0.172,0.9169,Positive
0.043,0.756,0.201,0.9616,Positive
0.044,0.785,0.171,0.9936,Positive
0.036,0.825,0.139,0.7506,Positive
0.01,0.869,0.121,0.9735,Positive
0.043,0.841,0.116,0.8834,Positive
0.015,0.929,0.056,0.8653,Positive
0.008,0.894,0.098,0.9587,Positive
0.035,0.751,0.214,0.9924,Positive
0.0,1.0,0.0,0.0,Neutral
0.0,0.745,0.255,0.4767,Positive
0.0,0.909,0.091,0.743,Positive
0.0,0.908,0.092,0.6597,Positive
0.0,0.838,0.162,0.4019,Positive
0.056,0.831,0.113,0.8374,Positive
0.0,0.839,0.161,0.3182,Positive
0.0,0.873,0.127,0.9955,Positive
0.0,1.0,0.0,0.0,Neutral
0.0,1.0,0.0,0.0,Neutral
0.0,0.864,0.136,0.8126,Positive
0.018,0.903,0.079,0.5288,Positive
0.043,0.791,0.166,0.8521,Positive
0.0,0.825,0.175,0.8689,Positive
0.025,0.894,0.081,0.802,Positive
0.0,0.841,0.159,0.8271,Positive
0.0,0.831,0.169,0.9538,Positive
0.092,0.761,0.148,0.4905,Positive
0.03,0.835,0.135,0.8955,Positive
0.03,0.918,0.052,0.3595,Positive
0.107,0.841,0.052,-0.743,Negative
0.027,0.855,0.118,0.9666,Positive
0.0,0.655,0.345,0.9217,Positive
0.0,1.0,0.0,0.0,Neutral
0.038,0.821,0.141,0.9587,Positive
0.009,0.794,0.197,0.987,Positive
0.0,0.747,0.253,0.9231,Positive
0.109,0.738,0.153,0.6203,Positive
0.015,0.845,0.14,0.9626,Positive
0.007,0.842,0.151,0.9726,Positive
0.0,0.812,0.188,0.7003,Positive
0.0,0.836,0.164,0.7574,Positive
0.031,0.839,0.13,0.9062,Positive
0.0,0.697,0.303,0.9545,Positive
0.0,0.901,0.099,0.6908,Positive
0.033,0.901,0.066,0.4926,Positive
0.0,0.912,0.088,0.7096,Positive
0.213,0.787,0.0,-0.2263,Negative
0.0,1.0,0.0,0.0,Neutral
0.032,0.835,0.133,0.9794,Positive
0.013,0.821,0.166,0.9717,Positive
0.007,0.831,0.162,0.9812,Positive
0.004,0.781,0.215,0.9957,Positive
0.037,0.843,0.119,0.6114,Positive
0.0,0.881,0.119,0.7906,Positive
0.0,0.9,0.1,0.4404,Positive
0.016,0.91,0.074,0.836,Positive
0.044,0.781,0.174,0.9694,Positive
0.0,0.819,0.181,0.9056,Positive
0.0,1.0,0.0,0.0,Neutral
0.0,0.873,0.127,0.9531,Positive
0.0,0.723,0.277,0.986,Positive
0.0,1.0,0.0,0.0,Neutral
0.04,0.823,0.137,0.9716,Positive
0.004,0.815,0.181,0.9943,Positive
0.0,0.884,0.116,0.1779,Positive
0.012,0.855,0.133,0.9678,Positive
0.0,0.888,0.112,0.4404,Positive
0.021,0.899,0.08,0.5719,Positive
0.058,0.815,0.127,0.9595,Positive
0.0,0.747,0.253,0.967,Positive
0.0,0.953,0.047,0.25,Positive
0.0,0.917,0.083,0.971,Positive
0.0,0.915,0.085,0.9501,Positive
0.0,1.0,0.0,0.0,Neutral
0.062,0.749,0.189,0.8994,Positive
0.072,0.848,0.081,0.1531,Positive
0.0,0.937,0.063,0.3612,Positive
0.0,1.0,0.0,0.0,Neutral
0.079,0.876,0.045,-0.296,Negative
0.0,0.877,0.123,0.8805,Positive
0.0,0.936,0.064,0.4215,Positive
0.114,0.781,0.105,-0.204,Negative
0.028,0.779,0.193,0.999,Positive
0.038,0.837,0.125,0.9881,Positive
0.043,0.798,0.159,0.993,Positive
0.0,0.763,0.237,0.4215,Positive
0.0,0.737,0.263,0.3612,Positive
0.0,0.954,0.046,0.3612,Positive
0.0,0.672,0.328,0.5994,Positive
0.0,0.856,0.144,0.8293,Positive
0.0,0.806,0.194,0.7184,Positive
0.005,0.837,0.158,0.9894,Positive
0.0,0.943,0.057,0.3612,Positive
0.016,0.791,0.193,0.9728,Positive
0.059,0.808,0.133,0.9601,Positive
0.0,0.726,0.274,0.8519,Positive
0.154,0.752,0.093,-0.4767,Negative
0.0,1.0,0.0,0.0,Neutral
0.011,0.858,0.13,0.9678,Positive
0.017,0.729,0.254,0.9954,Positive
0.003,0.812,0.185,0.9977,Positive
0.0,0.697,0.303,0.9517,Positive
0.0,0.886,0.114,0.9217,Positive
0.0,0.946,0.054,0.4927,Positive
0.012,0.79,0.197,0.9819,Positive
0.038,0.796,0.166,0.981,Positive
0.0,1.0,0.0,0.0,Neutral
0.008,0.813,0.179,0.9924,Positive
0.0,0.836,0.164,0.8225,Positive
0.0,0.833,0.167,0.4215,Positive
0.011,0.847,0.142,0.9716,Positive
0.0,0.744,0.256,0.9714,Positive
0.047,0.755,0.198,0.9371,Positive
0.0,0.828,0.172,0.8271,Positive
0.0,0.786,0.214,0.8237,Positive
0.0,0.74,0.26,0.9821,Positive
0.161,0.839,0.0,-0.5267,Negative
0.0,0.839,0.161,0.8979,Positive
0.0,0.761,0.239,0.9732,Positive
0.0,0.873,0.127,0.875,Positive
0.0,1.0,0.0,0.0,Neutral
0.0,0.895,0.105,0.9476,Positive
0.0,1.0,0.0,0.0,Neutral
0.028,0.754,0.218,0.9955,Positive
0.0,0.809,0.191,0.9136,Positive
0.068,0.823,0.109,0.5267,Positive
0.061,0.747,0.192,0.9853,Positive
0.0,0.91,0.09,0.7783,Positive
0.0,1.0,0.0,0.0,Neutral
0.064,0.788,0.148,0.8515,Positive
0.011,0.859,0.13,0.9678,Positive
0.064,0.725,0.212,0.7269,Positive
0.0,0.759,0.241,0.9231,Positive
0.018,0.801,0.18,0.995,Positive
0.016,0.724,0.26,0.9958,Positive
0.0,0.791,0.209,0.9818,Positive
0.014,0.844,0.143,0.9584,Positive
0.076,0.813,0.111,0.4201,Positive
0.047,0.818,0.134,0.8422,Positive
0.0,1.0,0.0,0.0,Neutral
0.0,1.0,0.0,0.0,Neutral
0.0,0.692,0.308,0.9881,Positive
0.0,0.845,0.155,0.9551,Positive
0.017,0.701,0.283,0.9909,Positive
0.0,0.779,0.221,0.8957,Positive
0.0,0.946,0.054,0.4927,Positive
0.0,0.7,0.3,0.9646,Positive
0.0,0.906,0.094,0.4588,Positive
0.024,0.8,0.176,0.9892,Positive
0.0,0.923,0.077,0.743,Positive
0.011,0.847,0.142,0.9719,Positive
0.013,0.783,0.204,0.9965,Positive
0.437,0.563,0.0,-0.4767,Negative
0.012,0.932,0.056,0.8176,Positive
0.062,0.66,0.278,0.9963,Positive
0.0,0.902,0.098,0.3612,Positive
0.0,0.912,0.088,0.4404,Positive
0.014,0.816,0.171,0.976,Positive
0.0,0.803,0.197,0.9915,Positive
0.0,0.857,0.143,0.6705,Positive
0.014,0.866,0.12,0.9881,Positive
0.0,0.863,0.137,0.9538,Positive
0.0,0.879,0.121,0.7331,Positive
0.007,0.82,0.172,0.9986,Positive
0.009,0.852,0.139,0.9682,Positive
0.0,0.848,0.152,0.9198,Positive
0.0,0.805,0.195,0.9022,Positive
0.0,0.965,0.035,0.2263,Positive
0.041,0.867,0.092,0.9247,Positive
0.0,1.0,0.0,0.0,Neutral
0.0,0.876,0.124,0.9201,Positive
0.0,0.891,0.109,0.296,Positive
0.038,0.812,0.15,0.9545,Positive
0.0,0.896,0.104,0.5423,Positive
0.0,0.832,0.168,0.9764,Positive
0.0,0.813,0.187,0.9799,Positive
0.038,0.795,0.167,0.796,Positive
0.0,1.0,0.0,0.0,Neutral
0.0,0.8,0.2,0.25,Positive
0.051,0.888,0.061,0.5067,Positive
0.0,1.0,0.0,0.0,Neutral
0.0,0.933,0.067,0.9239,Positive
0.0,0.818,0.182,0.9723,Positive
0.0,0.638,0.362,0.34,Positive
0.0,0.907,0.093,0.5106,Positive
0.0,0.928,0.072,0.6249,Positive
0.038,0.855,0.108,0.8074,Positive
0.0,1.0,0.0,0.0,Neutral
0.0,1.0,0.0,0.0,Neutral
0.0,0.891,0.109,0.7783,Positive
0.0,1.0,0.0,0.0,Neutral
0.0,0.859,0.141,0.7845,Positive
0.036,0.907,0.058,0.4767,Positive
0.0,0.764,0.236,0.9595,Positive
0.0,1.0,0.0,0.0,Neutral
0.029,0.776,0.195,0.9741,Positive
0.059,0.849,0.091,0.6208,Positive
0.0,0.859,0.141,0.7506,Positive
0.189,0.811,0.0,-0.5994,Negative
0.0,0.785,0.215,0.8519,Positive
0.0,0.794,0.206,0.8442,Positive
0.0,0.898,0.102,0.1779,Positive
0.023,0.836,0.141,0.9744,Positive
0.0,0.862,0.138,0.9974,Positive
0.122,0.766,0.113,-0.1531,Negative
0.017,0.871,0.112,0.9001,Positive
0.0,0.888,0.112,0.4404,Positive
0.02,0.883,0.097,0.6597,Positive
0.0,0.886,0.114,0.8957,Positive
0.051,0.879,0.07,0.1027,Positive
0.0,0.775,0.225,0.969,Positive
0.0,1.0,0.0,0.0,Neutral
0.0,0.825,0.175,0.9056,Positive
0.04,0.839,0.121,0.9337,Positive
0.0,0.806,0.194,0.802,Positive
0.0,0.778,0.222,0.969,Positive
0.028,0.943,0.029,0.0258,Neutral
0.0,1.0,0.0,0.0,Neutral
0.0,0.959,0.041,0.34,Positive
0.0,0.894,0.106,0.6908,Positive
0.017,0.841,0.142,0.9287,Positive
0.067,0.783,0.15,0.9576,Positive
0.0,0.892,0.108,0.9231,Positive
0.0,0.82,0.18,0.8996,Positive
0.0,0.66,0.34,0.8979,Positive
0.067,0.86,0.072,0.4162,Positive
0.0,1.0,0.0,0.0,Neutral
0.0,1.0,0.0,0.0,Neutral
0.006,0.872,0.121,0.9884,Positive
0.0,0.755,0.245,0.9926,Positive
0.0,0.886,0.114,0.7096,Positive
0.0,0.903,0.097,0.8555,Positive
0.0,0.646,0.354,0.9875,Positive
0.0,0.774,0.226,0.9873,Positive
0.0,1.0,0.0,0.0,Neutral
0.028,0.882,0.09,0.8655,Positive
0.059,0.72,0.222,0.8779,Positive
0.0,1.0,0.0,0.0,Neutral
0.013,0.791,0.196,0.9902,Positive
0.084,0.668,0.249,0.9969,Positive
0.0,0.83,0.17,0.4767,Positive
0.05,0.832,0.118,0.8999,Positive
0.0,1.0,0.0,0.0,Neutral
0.026,0.917,0.056,0.8781,Positive
0.069,0.737,0.194,0.9909,Positive
0.0,1.0,0.0,0.0,Neutral
0.05,0.731,0.218,0.936,Positive
0.0,0.881,0.119,0.5994,Positive
0.0,0.893,0.107,0.2023,Positive
0.0,1.0,0.0,0.0,Neutral
0.0,0.656,0.344,0.9118,Positive
0.0,0.89,0.11,0.6908,Positive
0.0,0.954,0.046,0.1779,Positive
0.037,0.888,0.075,0.743,Positive
0.0,0.839,0.161,0.3182,Positive
0.0,1.0,0.0,0.0,Neutral
0.0,0.741,0.259,0.2732,Positive
0.053,0.75,0.197,0.7125,Positive
0.018,0.784,0.198,0.9786,Positive
0.0,0.736,0.264,0.9975,Positive
0.0,0.931,0.069,0.1779,Positive
0.0,1.0,0.0,0.0,Neutral
0.073,0.822,0.105,0.9152,Positive
0.0,1.0,0.0,0.0,Neutral
0.0,1.0,0.0,0.0,Neutral
0.006,0.846,0.148,0.9924,Positive
0.019,0.837,0.144,0.9796,Positive
0.023,0.824,0.153,0.9971,Positive
0.0,0.883,0.117,0.7717,Positive
0.0,0.934,0.066,0.7964,Positive
0.0,0.847,0.153,0.959,Positive
0.0,0.909,0.091,0.7607,Positive
0.0,0.838,0.162,0.9617,Positive
0.0,0.704,0.296,0.9147,Positive
0.0,0.911,0.089,0.6124,Positive
0.107,0.801,0.093,-0.273,Negative
0.0,0.783,0.217,0.9568,Positive
0.0,0.939,0.061,0.4956,Positive
0.0,0.815,0.185,0.3612,Positive
0.0,0.754,0.246,0.7351,Positive
0.0,1.0,0.0,0.0,Neutral
0.0,1.0,0.0,0.0,Neutral
0.0,0.901,0.099,0.6908,Positive
0.0,0.812,0.188,0.9601,Positive
0.0,0.737,0.263,0.936,Positive
0.0,1.0,0.0,0.0,Neutral
0.0,0.939,0.061,0.7264,Positive
0.031,0.949,0.02,-0.2263,Negative
0.0,0.886,0.114,0.7717,Positive
0.046,0.786,0.169,0.9601,Positive
0.0,0.769,0.231,0.6597,Positive
0.0,0.851,0.149,0.2732,Positive
0.0,0.698,0.302,0.4404,Positive
0.015,0.765,0.22,0.9875,Positive
0.082,0.833,0.086,0.7088,Positive
0.03,0.782,0.188,0.9337,Positive
0.0,0.891,0.109,0.7783,Positive
0.0,1.0,0.0,0.0,Neutral
0.019,0.757,0.225,0.9978,Positive
0.0,0.85,0.15,0.9442,Positive
0.0,0.873,0.127,0.4939,Positive
0.0,1.0,0.0,0.0,Neutral
0.0,1.0,0.0,0.0,Neutral
0.034,0.786,0.181,0.8791,Positive
0.0,0.853,0.147,0.9022,Positive
0.026,0.822,0.153,0.9731,Positive
0.0,0.74,0.26,0.9821,Positive
0.0,1.0,0.0,0.0,Neutral
0.065,0.634,0.3,0.9917,Positive
0.0,0.793,0.207,0.9702,Positive
0.014,0.677,0.309,0.9921,Positive
0.0,1.0,0.0,0.0,Neutral
0.036,0.828,0.136,0.9501,Positive
0.037,0.848,0.115,0.5267,Positive
0.0,0.816,0.184,0.9727,Positive
0.0,1.0,0.0,0.0,Neutral
0.0,0.874,0.126,0.7845,Positive
0.0,0.867,0.133,0.9531,Positive
0.075,0.822,0.103,0.3818,Positive
0.012,0.909,0.079,0.9061,Positive
0.0,0.75,0.25,0.8995,Positive
0.0,0.609,0.391,0.9833,Positive
0.0,0.797,0.203,0.6249,Positive
0.064,0.867,0.069,0.1027,Positive
0.026,0.722,0.252,0.9524,Positive
0.053,0.752,0.195,0.9803,Positive
0.0,0.924,0.076,0.624,Positive
0.0,1.0,0.0,0.0,Neutral
0.0,1.0,0.0,0.0,Neutral
0.0,0.745,0.255,0.9531,Positive
0.0,0.638,0.362,0.9753,Positive
0.015,0.877,0.107,0.836,Positive
0.0,0.878,0.122,0.7845,Positive
0.0,0.811,0.189,0.986,Positive
0.006,0.858,0.136,0.9816,Positive
0.0,0.755,0.245,0.9628,Positive
0.016,0.869,0.116,0.9818,Positive
0.0,0.922,0.078,0.5994,Positive
0.049,0.773,0.178,0.9325,Positive
0.028,0.864,0.107,0.7906,Positive
0.0,1.0,0.0,0.0,Neutral
0.0,0.94,0.06,0.5106,Positive
0.0,1.0,0.0,0.0,Neutral
0.009,0.729,0.262,0.9904,Positive
0.019,0.88,0.101,0.7351,Positive
0.036,0.739,0.224,0.926,Positive
0.0,1.0,0.0,0.0,Neutral
0.0,0.777,0.223,0.3182,Positive
0.0,0.89,0.11,0.8807,Positive
0.0,1.0,0.0,0.0,Neutral
0.0,0.769,0.231,0.7351,Positive
0.0,1.0,0.0,0.0,Neutral
0.0,0.79,0.21,0.9937,Positive
0.0,0.942,0.058,0.5719,Positive
0.009,0.814,0.177,0.9805,Positive
0.0,1.0,0.0,0.0,Neutral
0.047,0.761,0.192,0.971,Positive
0.0,0.8,0.2,0.9565,Positive
0.0,1.0,0.0,0.0,Neutral
0.043,0.746,0.211,0.963,Positive
0.0,0.779,0.221,0.9744,Positive
0.0,0.934,0.066,0.8689,Positive
0.017,0.737,0.246,0.977,Positive
0.004,0.72,0.275,0.9973,Positive
0.013,0.869,0.119,0.9872,Positive
0.143,0.748,0.109,-0.128,Negative
0.0,0.927,0.073,0.491,Positive
0.0,0.916,0.084,0.8555,Positive
0.0,0.929,0.071,0.4703,Positive
0.032,0.804,0.164,0.9889,Positive
0.029,0.867,0.103,0.9289,Positive
0.0,0.8,0.2,0.9702,Positive
0.026,0.86,0.114,0.743,Positive
0.0,0.669,0.331,0.9769,Positive
0.0,0.717,0.283,0.9601,Positive
0.032,0.835,0.133,0.9794,Positive
0.0,0.937,0.063,0.3612,Positive
0.053,0.75,0.197,0.7125,Positive
0.054,0.812,0.134,0.5052,Positive
0.015,0.932,0.053,0.7003,Positive
0.0,0.783,0.217,0.9802,Positive
0.005,0.799,0.196,0.995,Positive
0.0,0.828,0.172,0.3612,Positive
0.0,1.0,0.0,0.0,Neutral
0.0,0.886,0.114,0.9141,Positive
0.045,0.778,0.177,0.9015,Positive
0.044,0.736,0.22,0.9778,Positive
0.016,0.846,0.139,0.9875,Positive
0.0,0.77,0.23,0.9618,Positive
0.0,0.782,0.218,0.836,Positive
0.0,0.93,0.07,0.5994,Positive
0.0,0.866,0.134,0.9493,Positive
0.0,1.0,0.0,0.0,Neutral
0.092,0.691,0.217,0.9852,Positive
0.0,1.0,0.0,0.0,Neutral
0.0,0.819,0.181,0.8957,Positive
0.074,0.842,0.083,-0.6253,Negative
0.021,0.829,0.15,0.8979,Positive
0.01,0.795,0.195,0.9694,Positive
0.022,0.819,0.159,0.9926,Positive
0.0,0.881,0.119,0.7906,Positive
0.0,1.0,0.0,0.0,Neutral
0.0,0.748,0.252,0.5719,Positive
0.0,0.752,0.248,0.8807,Positive
0.037,0.785,0.179,0.8176,Positive
0.0,1.0,0.0,0.0,Neutral
0.04,0.785,0.175,0.9636,Positive
0.0,0.702,0.298,0.34,Positive
0.0,0.9,0.1,0.4767,Positive
0.0,0.866,0.134,0.9623,Positive
0.0,0.805,0.195,0.9902,Positive
0.0,0.943,0.057,0.4588,Positive
0.0,0.787,0.213,0.9938,Positive
0.0,0.932,0.068,0.5106,Positive
0.095,0.905,0.0,-0.296,Negative
0.0,1.0,0.0,0.0,Neutral
0.081,0.699,0.22,0.91,Positive
0.029,0.898,0.074,0.5093,Positive
0.0,1.0,0.0,0.0,Neutral
0.0,1.0,0.0,0.0,Neutral
0.0,0.92,0.08,0.8442,Positive
0.0,0.772,0.228,0.9559,Positive
0.011,0.837,0.151,0.9758,Positive
0.0,0.9,0.1,0.8555,Positive
0.013,0.887,0.1,0.8964,Positive
0.0,0.89,0.11,0.5719,Positive
0.0,1.0,0.0,0.0,Neutral
0.07,0.857,0.074,-0.0931,Negative
0.037,0.785,0.179,0.8176,Positive
0.03,0.849,0.12,0.9538,Positive
0.0,0.906,0.094,0.4404,Positive
0.0,0.692,0.308,0.992,Positive
0.0,1.0,0.0,0.0,Neutral
0.029,0.745,0.226,0.9943,Positive
0.088,0.815,0.097,0.6597,Positive
0.0,1.0,0.0,0.0,Neutral
0.0,1.0,0.0,0.0,Neutral
0.0,1.0,0.0,0.0,Neutral
0.0,0.66,0.34,0.9325,Positive
0.0,0.757,0.243,0.9778,Positive
0.0,0.901,0.099,0.7184,Positive
0.0,0.79,0.21,0.9879,Positive
0.0,1.0,0.0,0.0,Neutral
0.02,0.841,0.139,0.988,Positive
0.0,0.844,0.156,0.9425,Positive
0.0,0.847,0.153,0.4404,Positive
0.034,0.866,0.1,0.9296,Positive
0.0,0.854,0.146,0.9493,Positive
0.006,0.858,0.136,0.9816,Positive
0.0,0.615,0.385,0.9734,Positive
0.0,1.0,0.0,0.0,Neutral
0.075,0.814,0.111,0.7096,Positive
0.0,0.745,0.255,0.9531,Positive
0.0,1.0,0.0,0.0,Neutral
0.016,0.869,0.116,0.9818,Positive
0.044,0.943,0.013,-0.7351,Negative
0.05,0.822,0.128,0.8074,Positive
0.085,0.915,0.0,-0.6597,Negative
0.0,1.0,0.0,0.0,Neutral
0.0,0.752,0.248,0.5106,Positive
0.031,0.726,0.242,0.9611,Positive
0.008,0.903,0.089,0.9371,Positive
0.0,0.851,0.149,0.98,Positive
0.0,1.0,0.0,0.0,Neutral
0.0,1.0,0.0,0.0,Neutral
0.017,0.831,0.151,0.9764,Positive
0.0,1.0,0.0,0.0,Neutral
0.007,0.83,0.164,0.998,Positive
0.0,0.916,0.084,0.6369,Positive
0.0,1.0,0.0,0.0,Neutral
0.0,0.795,0.205,0.8779,Positive
0.0,0.832,0.168,0.926,Positive
0.0,0.731,0.269,0.9169,Positive
0.0,0.864,0.136,0.4588,Positive
0.0,0.909,0.091,0.765,Positive
0.018,0.783,0.199,0.9798,Positive
0.0,0.577,0.423,0.296,Positive
0.0,0.839,0.161,0.9571,Positive
0.0,0.789,0.211,0.9001,Positive
0.0,0.972,0.028,0.3612,Positive
0.096,0.651,0.253,0.9303,Positive
0.0,1.0,0.0,0.0,Neutral
0.011,0.92,0.069,0.9059,Positive
0.0,0.936,0.064,0.2263,Positive
0.0,1.0,0.0,0.0,Neutral
0.0,0.649,0.351,0.4019,Positive
0.0,0.829,0.171,0.8957,Positive
0.0,1.0,0.0,0.0,Neutral
0.007,0.894,0.098,0.9638,Positive
0.01,0.793,0.198,0.9802,Positive
0.0,0.898,0.102,0.8519,Positive
0.015,0.798,0.186,0.9713,Positive
0.0,0.828,0.172,0.6124,Positive
0.0,0.9,0.1,0.8271,Positive
0.0,0.882,0.118,0.4939,Positive
0.0,0.734,0.266,0.9853,Positive
0.0,1.0,0.0,0.0,Neutral
0.0,0.886,0.114,0.9726,Positive
0.0,0.854,0.146,0.9195,Positive
0.0,0.893,0.107,0.9313,Positive
0.0,1.0,0.0,0.0,Neutral
0.038,0.835,0.127,0.9623,Positive
0.012,0.857,0.132,0.9678,Positive
0.0,0.749,0.251,0.9723,Positive
0.074,0.926,0.0,-0.2023,Negative
0.034,0.814,0.152,0.6908,Positive
0.0,0.903,0.097,0.4215,Positive
0.005,0.844,0.152,0.9974,Positive
0.0,0.623,0.377,0.8769,Positive
0.0,1.0,0.0,0.0,Neutral
0.007,0.786,0.207,0.9898,Positive
0.0,0.848,0.152,0.9501,Positive
0.0,0.829,0.171,0.8807,Positive
0.0,0.783,0.217,0.9853,Positive
0.0,0.953,0.047,0.6115,Positive
0.0,0.737,0.263,0.9625,Positive
0.013,0.839,0.148,0.9938,Positive
0.0,0.959,0.041,0.4215,Positive
0.012,0.812,0.177,0.9712,Positive
0.011,0.859,0.13,0.9678,Positive
0.025,0.817,0.159,0.9753,Positive
0.0,1.0,0.0,0.0,Neutral
0.017,0.851,0.132,0.9403,Positive
0.061,0.746,0.193,0.9349,Positive
0.0,0.809,0.191,0.9735,Positive
0.0,0.864,0.136,0.8779,Positive
0.0,0.792,0.208,0.9432,Positive
0.0,0.679,0.321,0.9753,Positive
0.024,0.814,0.161,0.9757,Positive
0.143,0.728,0.129,-0.7096,Negative
0.0,0.752,0.248,0.9882,Positive
0.0,0.806,0.194,0.91,Positive
0.016,0.867,0.118,0.9468,Positive
0.0,0.792,0.208,0.8689,Positive
0.0,0.745,0.255,0.9578,Positive
0.008,0.855,0.136,0.9891,Positive
0.0,0.816,0.184,0.946,Positive
0.0,0.796,0.204,0.9792,Positive
0.0,0.787,0.213,0.9349,Positive
0.0,0.608,0.392,0.6249,Positive
0.021,0.818,0.162,0.9786,Positive
0.0,0.749,0.251,0.886,Positive
0.0,0.809,0.191,0.9442,Positive
0.0,0.751,0.249,0.9599,Positive
0.0,0.832,0.168,0.9821,Positive
0.032,0.843,0.125,0.7351,Positive
0.0,0.743,0.257,0.9738,Positive
0.0,1.0,0.0,0.0,Neutral
0.075,0.925,0.0,-0.4767,Negative
0.0,1.0,0.0,0.0,Neutral
0.0,0.731,0.269,0.893,Positive
0.0,1.0,0.0,0.0,Neutral
0.0,0.764,0.236,0.91,Positive
0.012,0.822,0.166,0.9726,Positive
0.0,0.837,0.163,0.872,Positive
0.013,0.865,0.122,0.9531,Positive
0.021,0.886,0.093,0.8074,Positive
0.0,0.765,0.235,0.9681,Positive
0.0,0.732,0.268,0.5106,Positive
0.0,0.755,0.245,0.9939,Positive
0.0,0.787,0.213,0.9795,Positive
0.0,1.0,0.0,0.0,Neutral
0.028,0.62,0.351,0.9749,Positive
0.02,0.843,0.137,0.93,Positive
0.0,0.941,0.059,0.4215,Positive
0.0,0.822,0.178,0.3818,Positive
0.0,0.926,0.074,0.5106,Positive
0.096,0.775,0.129,0.5106,Positive
0.0,0.828,0.172,0.4404,Positive
0.214,0.604,0.181,-0.1531,Negative
0.0,0.841,0.159,0.1531,Positive
0.0,0.778,0.222,0.9468,Positive
0.081,0.788,0.131,0.753,Positive
0.0,0.838,0.162,0.9677,Positive
0.0,0.821,0.179,0.9442,Positive
0.007,0.885,0.108,0.9719,Positive
0.0,0.852,0.148,0.5106,Positive
0.095,0.691,0.214,0.7579,Positive
0.045,0.955,0.0,-0.296,Negative
0.0,0.87,0.13,0.743,Positive
0.0,0.817,0.183,0.8957,Positive
0.0,0.773,0.227,0.9761,Positive
0.0,0.923,0.077,0.3612,Positive
0.0,1.0,0.0,0.0,Neutral
0.0,0.795,0.205,0.979,Positive
0.0,0.789,0.211,0.9549,Positive
0.045,0.937,0.018,-0.4939,Negative
0.0,1.0,0.0,0.0,Neutral
0.0,0.835,0.165,0.9876,Positive
0.085,0.78,0.135,0.8779,Positive
0.0,1.0,0.0,0.0,Neutral
0.0,0.921,0.079,0.9081,Positive
0.224,0.776,0.0,-0.6523,Negative
0.008,0.87,0.123,0.9843,Positive
0.471,0.529,0.0,-0.8402,Negative
0.0,0.818,0.182,0.9001,Positive
0.0,1.0,0.0,0.0,Neutral
0.088,0.684,0.228,0.9945,Positive
0.0,0.909,0.091,0.8316,Positive
0.0,0.873,0.127,0.9042,Positive
0.0,0.806,0.194,0.7906,Positive
0.0,0.868,0.132,0.8349,Positive
0.139,0.751,0.11,-0.765,Negative
0.0,0.861,0.139,0.8591,Positive
0.0,0.891,0.109,0.8591,Positive
0.0,0.963,0.037,0.4404,Positive
0.031,0.842,0.127,0.6908,Positive
0.0,0.877,0.123,0.8879,Positive
0.0,1.0,0.0,0.0,Neutral
0.0,0.667,0.333,0.3612,Positive
0.0,1.0,0.0,0.0,Neutral
0.056,0.841,0.103,0.6964,Positive
0.011,0.886,0.103,0.9661,Positive
0.0,0.808,0.192,0.9923,Positive
0.0,1.0,0.0,0.0,Neutral
0.019,0.793,0.188,0.968,Positive
0.028,0.714,0.257,0.9371,Positive
0.0,1.0,0.0,0.0,Neutral
0.0,1.0,0.0,0.0,Neutral
0.0,0.744,0.256,0.886,Positive
0.0,0.784,0.216,0.8591,Positive
0.0,0.84,0.16,0.2732,Positive
0.0,1.0,0.0,0.0,Neutral
0.0,0.877,0.123,0.4215,Positive
0.0,0.667,0.333,0.3612,Positive
0.013,0.782,0.206,0.9945,Positive
0.0,0.859,0.141,0.875,Positive
0.0,0.672,0.328,0.9042,Positive
0.027,0.919,0.054,0.9403,Positive
0.0,0.938,0.062,0.0516,Positive
0.0,1.0,0.0,0.0,Neutral
0.02,0.859,0.121,0.7845,Positive
0.0,0.699,0.301,0.5106,Positive
0.013,0.834,0.153,0.9977,Positive
0.024,0.903,0.073,0.6523,Positive
0.0,0.812,0.188,0.926,Positive
0.119,0.703,0.178,0.792,Positive
0.0,1.0,0.0,0.0,Neutral
0.012,0.917,0.071,0.875,Positive
0.0,1.0,0.0,0.0,Neutral
0.0,0.725,0.275,0.946,Positive
0.0,0.887,0.113,0.3182,Positive
0.0,0.879,0.121,0.7579,Positive
0.0,0.911,0.089,0.8074,Positive
0.0,0.849,0.151,0.7717,Positive
0.027,0.743,0.229,0.961,Positive
0.0,0.98,0.02,0.4215,Positive
0.0,1.0,0.0,0.0,Neutral
0.0,0.826,0.174,0.9136,Positive
0.021,0.774,0.205,0.9022,Positive
0.0,0.835,0.165,0.6523,Positive
0.0,0.843,0.157,0.5994,Positive
0.012,0.855,0.133,0.9678,Positive
0.02,0.908,0.071,0.6705,Positive
0.0,0.694,0.306,0.9644,Positive
0.0,0.963,0.037,0.0772,Positive
0.0,0.794,0.206,0.9829,Positive
0.0,1.0,0.0,0.0,Neutral
0.032,0.804,0.164,0.9695,Positive
0.008,0.817,0.175,0.9922,Positive
0.0,0.828,0.172,0.8402,Positive
0.0,0.873,0.127,0.6369,Positive
0.0,1.0,0.0,0.0,Neutral
0.0,0.838,0.162,0.8591,Positive
0.0,0.734,0.266,0.9816,Positive
0.0,0.779,0.221,0.9913,Positive
0.0,0.866,0.134,0.9201,Positive
0.054,0.781,0.165,0.9286,Positive
0.0,1.0,0.0,0.0,Neutral
0.0,0.662,0.338,0.7983,Positive
0.0,0.908,0.092,0.9485,Positive
0.0,0.91,0.09,0.743,Positive
0.0,0.856,0.144,0.7964,Positive
0.0,0.851,0.149,0.9246,Positive
0.0,1.0,0.0,0.0,Neutral
0.0,0.875,0.125,0.7184,Positive
0.037,0.804,0.159,0.9751,Positive
0.0,0.952,0.048,0.3182,Positive
0.011,0.85,0.138,0.9705,Positive
0.0,0.917,0.083,0.7057,Positive
0.014,0.92,0.066,0.7783,Positive
0.0,1.0,0.0,0.0,Neutral
0.131,0.714,0.155,0.2425,Positive
0.0,0.942,0.058,0.8316,Positive
0.0,0.832,0.168,0.9136,Positive
0.09,0.547,0.363,0.7574,Positive
0.0,0.724,0.276,0.9903,Positive
0.0,0.797,0.203,0.9689,Positive
0.084,0.916,0.0,-0.6597,Negative
0.0,0.818,0.182,0.9538,Positive
0.0,0.728,0.272,0.9875,Positive
0.03,0.859,0.111,0.9501,Positive
0.128,0.724,0.148,0.0431,Neutral
0.0,1.0,0.0,0.0,Neutral
0.0,0.853,0.147,0.9096,Positive
0.0,0.946,0.054,0.3182,Positive
0.0,1.0,0.0,0.0,Neutral
0.056,0.8,0.145,0.9014,Positive
0.0,0.959,0.041,0.5688,Positive
0.0,0.887,0.113,0.7579,Positive
0.028,0.882,0.09,0.8655,Positive
0.051,0.584,0.365,0.9493,Positive
0.0,0.762,0.238,0.3612,Positive
0.0,0.875,0.125,0.5106,Positive
0.0,0.615,0.385,0.9734,Positive
0.0,0.902,0.098,0.9169,Positive
0.0,1.0,0.0,0.0,Neutral
0.0,0.762,0.238,0.3612,Positive
0.0,0.854,0.146,0.8555,Positive
0.0,0.849,0.151,0.836,Positive
0.02,0.863,0.117,0.9732,Positive
0.0,0.737,0.263,0.3612,Positive
0.011,0.728,0.261,0.9979,Positive
0.082,0.818,0.099,-0.1027,Negative
0.0,0.667,0.333,0.3612,Positive
0.009,0.955,0.036,0.7556,Positive
0.0,1.0,0.0,0.0,Neutral
0.0,0.734,0.266,0.9081,Positive
0.0,0.898,0.102,0.3612,Positive
0.0,0.95,0.05,0.6908,Positive
0.0,1.0,0.0,0.0,Neutral
0.0,0.869,0.131,0.7783,Positive
0.0,1.0,0.0,0.0,Neutral
0.0,0.885,0.115,0.8585,Positive
0.0,0.879,0.121,0.6997,Positive
0.0,0.943,0.057,0.5719,Positive
0.0,0.93,0.07,0.9501,Positive
0.0,0.947,0.053,0.4215,Positive
0.033,0.798,0.169,0.8442,Positive
0.028,0.777,0.195,0.926,Positive
0.0,0.905,0.095,0.7351,Positive
0.0,1.0,0.0,0.0,Neutral
0.022,0.875,0.102,0.9406,Positive
0.0,0.808,0.192,0.9581,Positive
0.0,1.0,0.0,0.0,Neutral
0.049,0.819,0.132,0.8768,Positive
0.0,0.827,0.173,0.9442,Positive
0.0,0.882,0.118,0.9765,Positive
0.0,0.846,0.154,0.8442,Positive
0.0,0.871,0.129,0.8679,Positive
0.0,1.0,0.0,0.0,Neutral
0.019,0.854,0.127,0.9726,Positive
0.062,0.885,0.052,-0.128,Negative
0.0,0.947,0.053,0.4215,Positive
0.0,0.829,0.171,0.8807,Positive
0.016,0.724,0.26,0.9958,Positive
0.088,0.684,0.228,0.9945,Positive
0.0,0.917,0.083,0.7057,Positive
0.032,0.889,0.08,0.4939,Positive
0.0,0.839,0.161,0.6369,Positive
0.0,1.0,0.0,0.0,Neutral
0.0,0.838,0.162,0.4404,Positive
0.0,1.0,0.0,0.0,Neutral
0.0,0.914,0.086,0.3182,Positive
0.016,0.872,0.112,0.891,Positive
0.017,0.854,0.129,0.9862,Positive
0.0,1.0,0.0,0.0,Neutral
0.0,0.839,0.161,0.9937,Positive
0.0,0.759,0.241,0.9001,Positive
0.0,0.792,0.208,0.2732,Positive
0.0,0.84,0.16,0.9933,Positive
0.0,0.765,0.235,0.8481,Positive
0.0,0.837,0.163,0.4767,Positive
0.0,1.0,0.0,0.0,Neutral
0.012,0.788,0.2,0.9851,Positive
0.027,0.885,0.088,0.743,Positive
0.0,0.872,0.128,0.8313,Positive
0.0,0.675,0.325,0.8779,Positive
0.005,0.835,0.16,0.9961,Positive
0.051,0.949,0.0,-0.4404,Negative
0.059,0.822,0.118,0.9516,Positive
0.032,0.905,0.063,0.6289,Positive
0.0,1.0,0.0,0.0,Neutral
0.0,0.87,0.13,0.4588,Positive
0.134,0.762,0.104,-0.1531,Negative
0.011,0.918,0.071,0.9661,Positive
0.034,0.814,0.152,0.6908,Positive
0.0,1.0,0.0,0.0,Neutral
0.01,0.916,0.074,0.929,Positive
0.0,0.737,0.263,0.802,Positive
0.0,0.894,0.106,0.6908,Positive
0.0,1.0,0.0,0.0,Neutral
0.019,0.768,0.214,0.9915,Positive
0.046,0.786,0.169,0.9601,Positive
0.084,0.763,0.153,0.7506,Positive
0.0,0.885,0.115,0.8779,Positive
0.0,0.718,0.282,0.9595,Positive
0.0,1.0,0.0,0.0,Neutral
0.0,0.782,0.218,0.9393,Positive
0.0,0.935,0.065,0.2732,Positive
0.0,0.777,0.223,0.9638,Positive
0.0,1.0,0.0,0.0,Neutral
0.0,0.846,0.154,0.9151,Positive
0.018,0.775,0.207,0.9873,Positive
0.0,1.0,0.0,0.0,Neutral
0.0,0.9,0.1,0.4404,Positive
0.0,1.0,0.0,0.0,Neutral
0.039,0.833,0.129,0.9144,Positive
0.015,0.882,0.103,0.9022,Positive
0.035,0.877,0.088,0.9354,Positive
0.015,0.897,0.088,0.9588,Positive
0.0,0.932,0.068,0.7184,Positive
0.0,0.895,0.105,0.4019,Positive
0.026,0.813,0.16,0.8894,Positive
0.047,0.862,0.091,0.6177,Positive
0.0,0.837,0.163,0.8779,Positive
0.049,0.758,0.193,0.9907,Positive
0.004,0.764,0.232,0.9976,Positive
0.0,0.911,0.089,0.4939,Positive
0.0,0.808,0.192,0.873,Positive
0.038,0.835,0.127,0.9623,Positive
0.011,0.863,0.126,0.9678,Positive
0.0,0.889,0.111,0.7964,Positive
0.0,0.825,0.175,0.9442,Positive
0.019,0.818,0.163,0.9767,Positive
0.0,0.691,0.309,0.9643,Positive
0.0,0.733,0.267,0.9578,Positive
0.0,0.644,0.356,0.9949,Positive
0.0,0.722,0.278,0.4019,Positive
0.0,0.785,0.215,0.886,Positive
0.0,0.785,0.215,0.8934,Positive
0.026,0.803,0.171,0.9726,Positive
0.008,0.783,0.209,0.9971,Positive
0.034,0.801,0.165,0.9877,Positive
0.0,1.0,0.0,0.0,Neutral
0.0,0.822,0.178,0.7906,Positive
0.061,0.769,0.17,0.971,Positive
0.0,1.0,0.0,0.0,Neutral
0.025,0.888,0.088,0.8953,Positive
0.041,0.836,0.123,0.9032,Positive
0.0,0.981,0.019,0.3182,Positive
0.019,0.698,0.283,0.9606,Positive
0.0,0.769,0.231,0.7783,Positive
0.0,1.0,0.0,0.0,Neutral
0.0,0.656,0.344,0.9814,Positive
0.069,0.824,0.107,0.6705,Positive
0.0,0.772,0.228,0.9957,Positive
0.0,1.0,0.0,0.0,Neutral
0.026,0.851,0.123,0.8807,Positive
0.0,0.803,0.197,0.4019,Positive
0.0,1.0,0.0,0.0,Neutral
0.018,0.851,0.131,0.9531,Positive
0.007,0.882,0.111,0.9851,Positive
0.0,0.649,0.351,0.4019,Positive
0.0,1.0,0.0,0.0,Neutral
0.0,0.625,0.375,0.9413,Positive
0.16,0.545,0.294,0.9186,Positive
0.0,1.0,0.0,0.0,Neutral
0.0,0.722,0.278,0.9607,Positive
0.026,0.858,0.116,0.9674,Positive
0.0,0.855,0.145,0.8244,Positive
0.0,0.925,0.075,0.34,Positive
0.0,0.843,0.157,0.7845,Positive
0.032,0.837,0.131,0.93,Positive
0.015,0.791,0.194,0.9741,Positive
0.0,0.673,0.327,0.9877,Positive
0.0,1.0,0.0,0.0,Neutral
0.0,0.934,0.066,0.2263,Positive
0.0,0.866,0.134,0.9118,Positive
0.0,0.814,0.186,0.9371,Positive
0.0,0.874,0.126,0.3182,Positive
0.0,0.827,0.173,0.9442,Positive
0.0,0.926,0.074,0.8225,Positive
0.0,0.824,0.176,0.9869,Positive
0.058,0.905,0.036,-0.2944,Negative
0.013,0.956,0.031,0.2732,Positive
0.0,0.69,0.31,0.9685,Positive
0.0,0.856,0.144,0.8979,Positive
0.044,0.956,0.0,-0.4019,Negative
0.06,0.813,0.127,0.7556,Positive
0.0,1.0,0.0,0.0,Neutral
0.041,0.833,0.126,0.6808,Positive
0.022,0.818,0.16,0.9062,Positive
0.0,0.898,0.102,0.8555,Positive
0.0,0.818,0.182,0.9723,Positive
0.0,0.871,0.129,0.7579,Positive
0.0,0.909,0.091,0.3612,Positive
0.019,0.831,0.151,0.9931,Positive
0.112,0.802,0.086,-0.3397,Negative
0.059,0.941,0.0,-0.4019,Negative
0.273,0.727,0.0,-0.4588,Negative
0.0,0.714,0.286,0.93,Positive
0.0,0.781,0.219,0.4215,Positive
0.0,0.931,0.069,0.4574,Positive
0.098,0.797,0.105,-0.128,Negative
0.015,0.74,0.245,0.9817,Positive
0.0,1.0,0.0,0.0,Neutral
